716 1289

1 376
2 419
3 289
4 46
5 84
6 415
7 205
8 405
9 656
10 156
11 980
12 662
13 388
14 1000
15 868
16 698
17 766
18 365
19 930
20 393
21 178
22 252
23 979
24 992
25 489
26 553
27 428
28 703
29 995
30 724
31 975
32 553
33 43
34 241
35 873
36 484
37 133
38 37
39 896
40 895
41 537
42 485
43 600
44 541
45 89
46 831
47 308
48 495
49 989
50 451
51 28
52 977
53 617
54 605
55 617
56 595
57 178
58 119
59 289
60 15
61 203
62 613
63 200
64 690
65 907
66 981
67 773
68 725
69 333
70 718
71 341
72 763
73 433
74 117
75 536
76 863
77 945
78 404
79 932
80 117
81 345
82 68
83 427
84 188
85 796
86 635
87 17
88 519
89 475
90 710
91 521
92 304
93 943
94 554
95 453
96 175
97 287
98 423
99 928
100 930
101 942
102 292
103 47
104 590
105 26
106 770
107 696
108 119
109 110
110 701
111 197
112 594
113 968
114 492
115 226
116 709
117 25
118 11
119 816
120 291
121 213
122 711
123 11
124 243
125 116
126 380
127 382
128 96
129 803
130 882
131 650
132 635
133 463
134 101
135 716
136 365
137 190
138 564
139 7
140 897
141 94
142 571
143 464
144 102
145 640
146 976
147 78
148 539
149 151
150 627
151 463
152 685
153 905
154 53
155 922
156 67
157 113
158 536
159 690
160 174
161 726
162 375
163 766
164 16
165 406
166 845
167 432
168 12
169 217
170 437
171 384
172 352
173 287
174 726
175 884
176 603
177 778
178 474
179 124
180 184
181 709
182 931
183 189
184 383
185 756
186 810
187 609
188 786
189 551
190 709
191 396
192 576
193 654
194 261
195 340
196 231
197 382
198 226
199 914
200 425
201 74
202 665
203 264
204 757
205 400
206 75
207 918
208 952
209 266
210 549
211 447
212 948
213 386
214 496
215 635
216 87
217 854
218 980
219 800
220 477
221 582
222 364
223 196
224 78
225 890
226 118
227 364
228 402
229 755
230 16
231 680
232 707
233 272
234 138
235 345
236 353
237 979
238 599
239 965
240 163
241 867
242 202
243 269
244 534
245 860
246 156
247 603
248 581
249 638
250 363
251 857
252 505
253 410
254 604
255 288
256 88
257 818
258 525
259 642
260 978
261 385
262 222
263 604
264 551
265 926
266 971
267 361
268 846
269 413
270 714
271 532
272 583
273 1000
274 508
275 701
276 831
277 66
278 736
279 201
280 246
281 75
282 628
283 538
284 399
285 705
286 204
287 845
288 270
289 141
290 314
291 602
292 641
293 271
294 818
295 261
296 990
297 178
298 403
299 710
300 54
301 240
302 890
303 180
304 649
305 28
306 108
307 476
308 521
309 662
310 674
311 71
312 180
313 740
314 993
315 126
316 339
317 999
318 339
319 339
320 113
321 677
322 270
323 693
324 497
325 953
326 505
327 418
328 59
329 338
330 624
331 42
332 709
333 845
334 949
335 125
336 767
337 798
338 383
339 211
340 837
341 503
342 157
343 890
344 237
345 532
346 987
347 859
348 449
349 840
350 578
351 101
352 283
353 842
354 440
355 796
356 843
357 96
358 333
359 709
360 988
361 507
362 389
363 787
364 963
365 819
366 631
367 846
368 422
369 114
370 385
371 212
372 257
373 967
374 103
375 398
376 933
377 740
378 447
379 930
380 440
381 627
382 670
383 314
384 581
385 78
386 732
387 825
388 334
389 956
390 843
391 661
392 677
393 454
394 308
395 324
396 855
397 191
398 720
399 123
400 379
401 468
402 298
403 894
404 75
405 846
406 430
407 667
408 98
409 758
410 690
411 377
412 463
413 103
414 333
415 335
416 45
417 156
418 126
419 943
420 197
421 417
422 754
423 407
424 552
425 399
426 144
427 203
428 670
429 776
430 784
431 21
432 4
433 21
434 6
435 132
436 775
437 272
438 780
439 883
440 221
441 981
442 436
443 269
444 736
445 765
446 345
447 288
448 83
449 792
450 933
451 473
452 882
453 792
454 251
455 429
456 431
457 638
458 283
459 930
460 697
461 679
462 237
463 645
464 416
465 871
466 123
467 722
468 153
469 984
470 947
471 481
472 404
473 436
474 149
475 765
476 617
477 719
478 148
479 652
480 673
481 353
482 813
483 171
484 369
485 749
486 388
487 243
488 47
489 518
490 267
491 989
492 667
493 752
494 129
495 272
496 72
497 882
498 361
499 124
500 824
501 635
502 980
503 109
504 290
505 425
506 27
507 99
508 610
509 307
510 122
511 846
512 649
513 792
514 121
515 867
516 231
517 50
518 50
519 428
520 125
521 965
522 839
523 993
524 829
525 691
526 208
527 653
528 99
529 45
530 567
531 835
532 428
533 772
534 560
535 19
536 844
537 15
538 693
539 930
540 823
541 529
542 905
543 683
544 744
545 384
546 958
547 268
548 677
549 200
550 461
551 979
552 793
553 844
554 632
555 908
556 577
557 796
558 697
559 992
560 929
561 947
562 578
563 997
564 238
565 571
566 74
567 444
568 189
569 464
570 126
571 153
572 659
573 718
574 421
575 350
576 480
577 638
578 652
579 803
580 770
581 7
582 558
583 984
584 313
585 542
586 918
587 84
588 678
589 240
590 800
591 182
592 306
593 632
594 173
595 21
596 204
597 428
598 968
599 658
600 770
601 982
602 68
603 212
604 241
605 860
606 832
607 851
608 191
609 377
610 385
611 169
612 598
613 833
614 553
615 934
616 893
617 24
618 870
619 245
620 526
621 631
622 847
623 661
624 324
625 955
626 560
627 61
628 264
629 374
630 655
631 402
632 906
633 453
634 226
635 299
636 210
637 902
638 169
639 281
640 432
641 903
642 454
643 310
644 565
645 59
646 795
647 469
648 476
649 377
650 891
651 950
652 474
653 403
654 18
655 352
656 183
657 103
658 907
659 427
660 273
661 283
662 368
663 606
664 198
665 606
666 936
667 328
668 822
669 214
670 304
671 558
672 159
673 718
674 286
675 946
676 462
677 585
678 350
679 209
680 156
681 494
682 34
683 691
684 732
685 925
686 96
687 711
688 141
689 67
690 983
691 770
692 707
693 591
694 592
695 711
696 98
697 514
698 463
699 857
700 972
701 638
702 406
703 312
704 506
705 947
706 498
707 243
708 395
709 691
710 195
711 976
712 769
713 104
714 491
715 863
716 119

703 562
207 1
146 179
651 347
685 55
415 386
401 532
538 258
15 477
246 636
604 530
629 456
115 694
368 207
638 586
664 38
464 563
639 144
474 597
88 392
12 401
510 320
89 650
661 106
699 191
271 545
383 44
425 700
228 233
363 242
114 362
394 129
354 395
79 237
194 604
419 501
195 487
241 207
713 230
264 432
509 109
504 527
305 493
701 12
548 155
492 508
444 78
546 497
467 458
302 52
618 370
655 254
90 382
593 706
366 706
513 211
368 206
500 688
134 385
699 356
71 253
640 226
580 196
638 185
673 418
326 655
485 688
608 324
650 193
21 7
657 558
464 523
609 548
573 347
40 223
625 253
491 647
65 451
53 300
189 577
130 115
595 136
346 414
436 30
272 170
296 85
360 214
279 254
75 180
488 593
149 137
106 405
541 531
618 670
493 2
474 6
378 307
696 616
567 116
312 447
636 236
35 504
187 632
411 457
493 631
533 83
174 507
441 496
43 461
298 132
616 694
598 403
706 27
485 455
270 1
383 662
381 385
530 233
88 403
650 589
29 341
73 422
386 598
117 574
149 208
487 461
464 371
399 185
518 341
200 426
71 440
200 210
11 383
600 167
106 73
680 17
484 558
464 715
494 613
485 179
556 301
540 467
488 473
316 238
477 648
41 667
83 216
373 110
444 77
169 70
213 186
164 416
206 344
78 608
128 295
158 598
519 394
564 583
266 528
114 561
304 267
243 562
716 352
31 445
619 288
261 362
25 656
647 459
483 146
479 449
475 42
380 521
141 533
655 118
355 431
341 132
347 83
575 61
613 534
418 404
170 526
227 442
505 69
351 285
392 375
222 204
373 382
242 384
389 445
709 331
12 184
415 649
673 323
586 502
7 15
422 490
402 654
691 486
623 414
536 165
231 601
30 104
260 446
236 450
453 441
507 697
186 149
405 156
41 408
523 132
356 213
348 297
611 573
284 548
611 690
312 105
460 377
50 224
469 149
482 342
700 251
403 526
650 135
380 83
401 237
142 571
341 29
208 264
166 707
588 235
708 453
686 246
146 378
269 383
707 465
162 62
458 707
684 16
45 478
440 607
443 164
77 503
291 196
499 248
481 594
68 572
471 410
298 662
660 89
252 683
236 162
175 446
154 29
261 61
699 624
400 463
399 383
268 702
66 706
506 27
569 428
84 226
664 206
349 684
313 660
153 359
439 513
553 330
520 516
593 57
108 217
603 486
58 111
393 549
385 122
289 465
480 549
416 609
396 573
107 352
522 35
499 557
672 166
119 220
587 128
615 41
561 242
375 385
653 322
8 99
1 103
508 68
74 147
501 336
322 503
268 442
369 290
112 519
335 473
57 481
245 680
628 422
309 577
171 255
208 672
44 529
229 471
512 635
336 472
539 201
356 70
463 584
105 498
512 361
636 514
278 140
258 690
585 548
180 418
210 130
344 679
387 504
700 97
486 578
532 180
196 96
335 112
568 458
283 495
326 173
510 693
539 13
380 664
90 213
303 215
471 422
634 206
33 688
564 707
266 22
578 613
100 110
20 464
643 631
185 473
369 43
44 376
335 188
711 147
141 349
570 393
141 714
254 253
434 227
138 565
143 256
682 650
455 589
238 40
58 64
162 333
393 514
661 491
543 382
219 622
51 653
615 216
12 615
289 653
648 454
258 337
572 83
478 518
708 637
260 155
173 29
551 393
674 315
340 63
680 29
171 583
500 665
597 579
551 445
181 333
650 192
676 414
428 244
110 657
699 281
210 350
100 274
464 713
472 568
244 81
287 677
109 481
57 201
534 652
208 326
701 709
485 18
180 471
505 406
673 512
313 691
45 512
229 94
630 245
320 467
322 450
579 706
598 45
483 259
587 619
378 67
184 104
244 27
17 405
349 36
551 561
132 283
682 76
394 366
433 382
150 234
308 164
124 539
441 595
498 225
555 388
70 483
185 205
518 396
371 59
493 197
435 244
325 264
471 18
633 690
117 324
23 18
412 563
251 376
289 484
639 392
131 533
312 607
194 521
182 598
642 680
661 165
360 17
371 133
497 469
346 643
64 676
216 579
249 384
139 217
290 278
680 264
649 582
307 315
671 615
147 278
273 411
22 256
691 552
213 57
320 463
527 457
707 565
157 351
484 352
41 288
214 88
482 339
407 533
405 424
483 156
273 25
382 8
73 266
532 50
313 102
649 103
114 515
114 451
453 640
589 282
66 481
589 151
226 400
119 11
268 315
119 552
401 277
95 71
252 165
285 478
479 709
320 449
650 230
280 249
570 349
660 50
288 233
407 88
687 199
183 180
397 349
115 124
283 639
673 638
245 319
646 240
356 245
570 678
167 395
672 403
645 166
105 88
226 326
156 265
278 647
41 460
90 569
575 11
524 189
471 624
540 421
455 503
71 263
126 598
142 117
690 508
293 683
103 451
520 305
705 464
570 685
246 376
89 428
672 671
33 530
196 127
646 597
454 433
315 413
341 682
636 561
554 174
102 678
584 178
677 589
127 182
485 12
472 77
193 712
486 313
610 24
148 370
288 185
469 265
112 665
468 34
440 153
603 78
624 458
33 80
252 145
7 523
386 23
485 525
492 454
633 233
30 412
83 165
203 698
482 408
243 125
486 180
619 17
252 491
437 529
514 108
64 72
129 201
3 80
420 602
120 13
546 75
126 443
400 183
674 138
380 242
151 155
448 110
414 290
450 27
226 489
327 134
657 147
564 352
645 624
266 2
713 273
617 657
195 139
283 9
582 349
41 522
591 708
393 116
615 266
314 390
551 401
105 644
161 214
619 454
204 351
434 7
394 404
109 385
553 500
267 129
491 397
464 46
674 371
611 393
6 436
642 665
325 674
441 714
550 701
251 300
357 434
495 175
609 692
296 417
684 15
46 16
144 126
374 205
602 587
295 513
365 459
140 255
382 186
197 22
667 554
189 228
563 119
45 165
372 610
274 478
167 499
331 77
271 478
51 146
402 99
249 242
126 217
697 6
359 296
618 293
554 503
645 453
297 245
104 121
709 369
557 492
501 533
455 508
24 183
448 548
130 114
531 345
423 47
221 89
542 572
215 685
451 511
84 351
402 587
136 21
403 16
586 465
180 703
342 574
227 142
215 405
495 665
699 400
408 568
430 358
480 296
253 651
255 265
703 198
38 6
175 601
154 502
278 198
597 344
469 457
169 50
63 532
80 130
298 397
575 518
175 94
107 455
217 222
79 395
294 397
309 125
3 411
231 705
111 563
32 711
618 327
563 263
158 71
23 630
512 87
156 527
610 473
653 281
322 108
627 207
386 65
674 453
37 72
314 76
417 195
414 591
64 689
421 362
662 344
332 154
134 192
287 611
43 409
680 648
254 331
494 429
261 182
157 174
360 410
552 382
69 457
452 239
265 277
215 353
606 167
82 54
221 630
246 433
54 225
516 422
418 193
701 256
422 714
621 6
370 528
594 266
537 248
60 374
627 497
99 461
514 442
404 405
162 460
145 341
648 467
652 651
389 548
133 542
133 288
116 517
532 282
227 357
203 451
230 152
578 55
83 87
71 44
481 2
597 321
180 199
488 683
398 26
363 594
438 376
264 197
28 702
404 202
112 228
280 304
671 260
582 129
681 462
382 250
625 690
331 412
248 171
439 152
492 452
19 692
454 485
372 136
703 586
98 243
331 564
454 220
700 255
469 188
433 578
656 195
290 294
537 202
688 578
552 249
85 456
45 82
619 482
365 259
135 401
74 14
150 537
122 190
50 686
28 491
713 265
240 548
183 421
37 23
456 410
484 219
314 651
641 638
623 369
362 285
664 700
626 52
228 692
647 703
397 553
591 572
157 664
253 398
620 680
48 341
352 167
290 210
27 292
598 582
690 231
638 497
155 636
65 699
51 412
681 11
406 268
187 68
102 452
374 525
678 45
385 214
233 162
544 391
690 307
260 708
9 467
516 510
547 216
6 353
295 34
489 121
65 627
435 596
172 530
298 638
349 710
632 496
557 27
358 25
8 609
307 333
589 13
220 394
40 47
259 328
361 225
495 440
418 348
63 394
25 265
40 584
125 352
348 564
465 108
507 595
90 185
163 674
134 427
665 267
695 73
77 446
412 702
695 278
386 385
332 593
592 289
530 358
47 632
360 606
361 368
213 82
73 517
546 240
487 12
467 460
85 603
466 178
74 35
361 209
250 339
143 175
210 179
204 126
406 540
685 429
390 318
689 98
483 682
578 303
553 687
706 288
636 477
710 575
200 120
459 678
6 459
430 25
582 537
288 51
344 243
366 31
187 567
300 114
26 621
208 422
249 134
353 67
282 173
107 356
116 704
218 428
92 51
625 674
645 520
254 459
358 84
442 408
355 549
159 191
70 714
326 27
173 280
571 80
680 218
528 608
356 64
629 110
207 575
144 481
396 150
201 711
370 55
617 674
612 3
351 680
234 643
709 533
123 699
662 183
162 548
380 552
408 218
356 457
377 100
3 203
278 446
666 21
593 147
194 427
604 42
124 88
420 659
21 235
343 506
326 510
397 415
405 574
454 162
19 390
16 191
127 674
213 521
352 489
460 560
77 380
37 216
484 657
161 441
435 457
243 26
337 98
670 370
306 80
594 113
474 426
442 654
680 296
612 427
289 378
57 456
634 417
89 18
179 587
452 420
133 340
613 247
266 485
529 353
309 159
634 430
452 655
651 129
548 424
151 170
675 325
112 290
286 601
451 649
413 303
586 1
172 293
360 149
77 436
569 558
223 171
371 299
511 275
280 372
163 376
297 127
139 442
133 466
670 117
284 328
383 136
29 634
515 713
154 558
32 470
255 275
475 524
622 594
258 344
166 663
41 489
136 265
695 242
475 503
94 363
506 11
648 565
339 560
379 385
456 387
211 594
617 496
406 563
573 259
391 396
557 420
78 169
264 111
465 137
157 676
467 78
18 8
106 272
629 695
479 305
65 232
502 215
123 591
187 195
13 558
16 654
318 509
118 79
256 22
688 428
537 654
530 682
422 596
519 550
352 236
361 14
368 705
434 208
468 353
660 492
373 194
164 64
542 177
375 145
95 245
450 207
391 152
307 416
330 409
328 42
424 609
451 74
522 483
477 683
599 338
394 493
245 157
129 649
329 533
156 529
90 61
521 664
18 197
3 303
696 588
143 402
339 173
584 688
670 461
152 258
189 434
595 411
592 24
202 559
704 195
441 72
334 697
623 29
37 79
509 711
367 436
313 244
512 429
311 293
464 650
299 71
668 546
624 683
284 282
166 713
528 118
425 689
432 457
117 523
381 345
129 261
208 182
335 172
194 477
219 87
459 325
112 127
166 459
696 368
119 230
404 707
242 577
650 649
23 35
39 252
331 608
358 489
352 424
544 390
82 191
620 602
129 578
7 226
659 626
445 204
457 281
501 552
573 35
364 354
612 46
629 170
229 691
278 64
273 505
194 156
261 508
241 698
703 420
541 203
255 164
90 403
593 623
589 386
295 697
415 654
138 391
241 95
353 565
26 525
259 681
552 561
486 615
293 583
427 424
575 530
529 316
498 455
632 218
502 74
449 540
405 484
363 16
112 197
16 443
381 699
509 298
678 180
631 429
547 432
201 403
230 713
410 452
177 102
460 533
357 449
236 126
591 629
470 246
106 667
229 230
614 344
249 533
590 456
305 460
650 489
468 588
405 272
614 254
244 456
129 341
670 388
642 489
226 411
464 695
715 667
300 22
572 28
712 584
336 165
636 412
21 658
330 627
189 250
84 139
403 649
422 614
345 385
116 439
61 646
501 29
16 174
312 241
592 655
153 11
451 466
