184 332

1 981
2 17
3 25
4 828
5 407
6 987
7 633
8 736
9 370
10 329
11 10
12 319
13 207
14 617
15 477
16 131
17 613
18 197
19 937
20 908
21 797
22 864
23 755
24 618
25 639
26 540
27 251
28 167
29 831
30 530
31 739
32 461
33 758
34 245
35 521
36 533
37 288
38 655
39 495
40 468
41 335
42 355
43 944
44 971
45 655
46 338
47 451
48 940
49 460
50 182
51 807
52 684
53 13
54 626
55 425
56 283
57 86
58 332
59 17
60 389
61 281
62 61
63 713
64 624
65 455
66 789
67 284
68 134
69 249
70 941
71 910
72 690
73 563
74 70
75 483
76 715
77 524
78 677
79 5
80 973
81 9
82 335
83 930
84 253
85 31
86 935
87 250
88 601
89 824
90 991
91 337
92 888
93 139
94 459
95 226
96 878
97 966
98 577
99 909
100 872
101 126
102 947
103 517
104 46
105 616
106 153
107 245
108 2
109 392
110 368
111 294
112 509
113 439
114 519
115 262
116 713
117 388
118 526
119 463
120 163
121 740
122 856
123 247
124 46
125 532
126 646
127 101
128 549
129 700
130 513
131 815
132 339
133 264
134 981
135 426
136 984
137 285
138 861
139 285
140 7
141 787
142 136
143 208
144 883
145 310
146 443
147 755
148 862
149 449
150 841
151 765
152 25
153 895
154 848
155 778
156 551
157 730
158 912
159 262
160 712
161 742
162 700
163 894
164 442
165 32
166 898
167 304
168 282
169 819
170 733
171 988
172 222
173 149
174 468
175 114
176 935
177 284
178 511
179 197
180 924
181 563
182 871
183 360
184 319

183 164
115 84
7 80
139 49
119 81
10 12
71 27
68 13
9 51
127 54
79 68
63 90
67 31
160 127
43 80
31 98
160 98
123 121
172 22
120 115
141 47
7 78
175 57
49 12
79 70
134 10
28 123
7 11
70 78
158 65
177 108
2 1
48 149
115 66
73 122
158 89
39 98
55 130
134 161
184 121
177 44
127 165
110 11
19 166
96 162
55 180
84 158
73 70
4 105
60 176
87 22
37 108
91 42
157 144
19 113
131 4
109 48
129 120
160 80
36 61
30 89
171 89
76 150
150 119
98 180
167 89
79 17
22 169
2 100
43 85
14 91
105 30
2 137
104 46
34 104
38 131
1 57
121 24
14 82
70 97
133 36
59 102
7 163
129 168
41 60
42 167
60 24
180 75
8 138
49 182
168 145
178 26
113 134
89 126
117 128
105 133
148 183
126 6
177 82
57 66
81 36
57 127
18 65
77 67
105 107
52 106
101 20
181 102
29 49
137 22
16 157
30 26
60 12
96 112
42 33
45 127
64 130
160 64
143 87
164 28
64 39
149 19
74 112
19 81
44 26
127 33
142 119
153 111
2 110
67 123
4 32
89 62
98 16
121 163
157 179
92 144
45 140
121 9
62 40
21 106
109 99
103 76
47 78
87 67
162 106
50 8
57 81
18 90
171 178
102 27
57 13
111 173
168 66
50 46
171 32
64 163
40 142
47 184
60 132
82 10
124 178
111 37
36 84
149 181
61 62
87 114
24 4
31 180
24 167
105 131
132 104
115 48
13 25
73 139
115 99
58 94
161 158
104 33
117 164
19 25
103 36
99 184
88 42
150 162
148 156
151 82
154 150
62 155
75 157
98 167
81 120
84 80
153 15
27 29
128 66
70 13
126 172
146 75
111 165
183 123
184 117
67 159
91 133
29 48
166 176
22 72
1 146
154 7
155 73
12 15
68 55
70 163
81 169
10 177
50 71
165 134
76 96
34 47
100 138
77 5
27 145
12 140
82 22
53 73
36 176
7 57
2 138
113 164
143 37
71 15
134 177
66 69
4 78
64 134
97 157
116 184
45 145
91 80
82 33
126 115
74 150
62 99
104 99
51 93
59 72
142 76
179 34
178 56
92 67
161 168
100 34
180 135
178 87
90 29
85 55
22 152
108 35
98 176
72 126
177 139
41 71
3 170
31 113
147 22
36 122
173 48
6 136
66 131
141 74
112 166
61 64
21 91
77 119
89 24
131 17
135 146
32 79
5 154
75 62
81 8
61 153
178 138
30 183
141 45
145 46
23 38
71 111
111 168
173 184
175 23
151 184
115 140
139 97
13 154
93 183
162 104
46 33
24 67
12 22
30 154
42 172
71 148
54 129
49 181
46 155
133 35
108 42
59 123
79 66
148 85
104 43
61 91
90 148
24 93
107 40
86 92
54 3
96 64
26 16
131 20
30 76
176 68
130 108
10 139
66 15
173 54
2 22
77 99
25 23
168 72
94 46
82 127
