426 767

1 578
2 333
3 532
4 125
5 922
6 755
7 948
8 864
9 209
10 326
11 734
12 941
13 796
14 5
15 866
16 927
17 198
18 588
19 865
20 308
21 861
22 9
23 696
24 913
25 998
26 901
27 383
28 924
29 260
30 744
31 329
32 843
33 461
34 191
35 372
36 819
37 862
38 30
39 290
40 62
41 490
42 504
43 695
44 274
45 842
46 466
47 237
48 383
49 231
50 886
51 266
52 863
53 903
54 932
55 97
56 103
57 920
58 969
59 324
60 850
61 534
62 761
63 901
64 799
65 620
66 798
67 742
68 267
69 309
70 865
71 749
72 939
73 66
74 830
75 948
76 335
77 312
78 108
79 914
80 331
81 587
82 767
83 407
84 346
85 516
86 883
87 16
88 385
89 833
90 974
91 232
92 791
93 796
94 149
95 180
96 125
97 490
98 592
99 197
100 116
101 231
102 459
103 784
104 866
105 110
106 239
107 998
108 484
109 865
110 988
111 630
112 236
113 848
114 335
115 562
116 304
117 524
118 427
119 476
120 743
121 101
122 120
123 529
124 164
125 370
126 274
127 939
128 134
129 121
130 87
131 666
132 298
133 348
134 515
135 799
136 397
137 793
138 240
139 323
140 980
141 499
142 226
143 134
144 645
145 503
146 398
147 995
148 328
149 933
150 238
151 212
152 974
153 725
154 710
155 952
156 543
157 453
158 35
159 480
160 201
161 452
162 961
163 805
164 286
165 1
166 267
167 529
168 51
169 141
170 651
171 204
172 812
173 525
174 944
175 861
176 187
177 266
178 993
179 485
180 550
181 627
182 121
183 188
184 114
185 245
186 971
187 267
188 153
189 202
190 162
191 881
192 389
193 996
194 690
195 7
196 400
197 881
198 76
199 730
200 537
201 803
202 870
203 880
204 916
205 484
206 722
207 420
208 407
209 668
210 662
211 669
212 597
213 847
214 613
215 297
216 250
217 368
218 153
219 545
220 545
221 857
222 1
223 402
224 21
225 664
226 117
227 235
228 93
229 541
230 700
231 1000
232 18
233 206
234 518
235 40
236 804
237 631
238 199
239 953
240 572
241 852
242 879
243 24
244 855
245 694
246 622
247 425
248 259
249 978
250 605
251 658
252 482
253 386
254 695
255 514
256 356
257 702
258 90
259 901
260 696
261 543
262 914
263 734
264 599
265 13
266 767
267 663
268 413
269 981
270 136
271 77
272 522
273 104
274 706
275 650
276 1
277 954
278 131
279 690
280 819
281 978
282 636
283 683
284 505
285 894
286 525
287 103
288 824
289 226
290 139
291 341
292 875
293 548
294 743
295 416
296 228
297 508
298 475
299 501
300 830
301 342
302 620
303 868
304 886
305 754
306 266
307 729
308 434
309 685
310 445
311 577
312 773
313 931
314 329
315 821
316 805
317 467
318 409
319 258
320 155
321 422
322 234
323 28
324 933
325 729
326 968
327 787
328 632
329 550
330 858
331 187
332 581
333 477
334 343
335 529
336 506
337 167
338 12
339 305
340 109
341 975
342 462
343 85
344 62
345 183
346 698
347 312
348 437
349 688
350 927
351 939
352 378
353 411
354 798
355 500
356 35
357 592
358 727
359 947
360 391
361 649
362 555
363 725
364 588
365 920
366 352
367 427
368 573
369 715
370 571
371 368
372 899
373 236
374 585
375 861
376 444
377 411
378 195
379 258
380 737
381 765
382 522
383 956
384 587
385 168
386 320
387 59
388 433
389 911
390 172
391 348
392 752
393 701
394 17
395 743
396 281
397 722
398 726
399 602
400 489
401 825
402 63
403 562
404 408
405 208
406 426
407 610
408 927
409 212
410 150
411 344
412 987
413 365
414 895
415 599
416 175
417 908
418 738
419 464
420 374
421 315
422 737
423 764
424 205
425 411
426 189

362 3
266 243
399 362
277 118
364 56
249 267
308 380
211 343
153 118
92 12
238 130
176 57
90 322
361 317
109 278
242 358
94 121
300 288
64 236
13 188
193 244
144 239
158 139
342 58
14 142
258 142
236 369
88 188
406 365
395 248
343 251
257 352
173 383
253 332
326 166
83 148
370 395
45 92
348 373
409 268
261 126
72 167
65 373
253 200
21 417
190 298
217 258
284 351
73 381
63 99
252 128
313 248
238 9
295 257
224 211
416 307
293 122
224 332
214 362
393 181
178 80
29 145
251 8
155 396
397 209
383 134
247 363
269 38
416 102
126 307
350 267
130 62
213 23
120 401
153 263
36 263
139 372
275 303
211 119
414 57
145 10
215 170
419 35
217 270
381 118
345 283
132 190
411 125
55 372
334 420
258 406
259 41
115 26
85 402
421 194
330 322
421 64
310 17
201 204
5 408
87 407
132 90
79 403
240 379
339 296
200 304
329 70
411 141
166 419
371 182
366 143
311 217
311 208
163 133
110 323
237 124
266 357
47 124
222 425
192 23
289 269
55 121
23 258
384 291
8 273
238 56
388 81
238 158
197 63
153 279
405 46
314 14
117 178
275 164
390 80
117 204
168 47
273 77
242 41
46 249
159 354
202 319
383 272
97 218
21 198
141 18
16 74
177 70
96 193
28 209
397 253
45 169
384 50
198 335
293 394
52 310
363 6
264 260
216 333
111 232
220 394
165 135
285 92
159 20
132 198
394 407
54 360
105 7
118 270
189 334
350 42
169 121
145 19
204 67
61 280
283 405
408 398
70 121
189 127
134 13
200 71
348 318
104 209
147 72
310 179
230 256
363 92
336 306
64 422
92 339
158 124
273 169
86 309
343 168
198 237
297 109
393 424
349 355
112 71
356 179
74 335
199 183
278 235
158 135
1 14
393 279
173 221
39 278
385 206
209 224
105 378
222 99
410 293
56 285
51 268
170 142
134 417
393 22
322 15
250 60
353 121
332 198
252 253
288 391
192 287
116 227
307 46
138 359
232 120
151 408
207 29
192 193
280 103
181 198
383 201
23 49
307 264
353 118
417 217
323 402
2 425
359 273
111 359
270 246
34 381
316 265
264 82
340 420
318 263
399 266
52 316
66 342
313 133
265 354
276 246
11 98
382 51
418 230
306 352
87 397
175 4
320 53
390 385
423 362
157 337
253 405
62 30
141 189
44 138
69 312
293 365
186 409
147 206
155 188
206 328
149 182
399 207
47 419
179 250
43 19
302 234
390 223
328 371
286 100
284 255
126 128
227 253
126 403
165 23
137 176
120 299
369 22
327 287
154 236
168 349
282 332
99 114
175 171
136 45
423 37
51 280
79 342
298 409
351 64
201 174
83 11
47 307
167 63
228 381
408 31
8 96
359 183
380 396
104 119
295 267
264 48
103 331
218 105
417 75
318 245
159 116
99 367
188 294
79 279
88 390
315 221
15 237
11 46
292 385
221 56
140 99
76 325
43 223
306 401
207 9
225 94
56 125
58 425
232 205
375 223
75 307
307 211
190 4
234 297
328 111
399 72
297 61
67 320
281 317
46 313
352 113
112 103
294 322
129 140
188 132
174 362
371 125
366 360
78 60
6 400
200 426
251 143
260 394
88 374
212 326
218 24
279 363
123 424
126 219
142 132
176 295
217 121
48 346
49 410
337 340
42 170
224 124
140 283
357 16
322 220
239 244
394 231
28 415
224 168
65 304
329 183
44 373
152 315
411 322
290 242
301 276
278 177
177 414
352 272
45 131
42 341
419 191
96 320
182 305
115 74
178 63
148 22
231 247
415 423
193 178
333 318
286 74
224 337
202 410
211 150
189 9
60 90
155 408
270 199
158 68
286 276
190 245
328 316
19 289
336 219
94 404
95 30
199 54
394 168
288 161
375 16
378 390
49 402
160 73
26 211
388 211
88 3
33 407
175 103
160 283
355 388
104 380
398 423
52 123
166 81
408 316
103 102
349 315
176 157
265 164
101 282
334 325
242 327
28 30
57 59
374 308
243 327
331 362
163 22
171 332
334 163
137 191
225 248
93 88
379 184
169 310
243 241
347 49
153 360
173 160
174 7
295 97
412 377
149 195
139 388
19 146
375 193
339 139
156 172
236 249
375 138
357 72
322 216
415 58
270 257
336 138
99 421
328 310
108 269
26 418
331 148
81 172
135 98
246 195
270 373
40 237
406 238
290 71
306 124
422 322
89 61
28 334
421 118
59 342
306 82
20 406
23 295
18 119
122 167
377 112
102 7
343 201
69 351
67 156
303 311
409 193
39 37
210 401
1 2
297 312
132 171
47 145
35 254
335 221
77 353
231 326
111 26
205 173
171 230
265 13
16 125
166 203
131 71
356 169
308 180
338 337
93 296
192 341
289 51
392 285
6 424
248 378
153 221
165 153
140 46
256 74
61 44
277 84
346 72
251 248
253 46
36 364
140 174
35 147
47 79
151 7
250 38
180 175
331 59
404 143
128 356
297 279
7 356
357 329
272 387
390 170
28 258
425 135
24 215
251 13
63 327
233 151
142 359
289 169
154 257
129 296
208 40
204 173
76 191
235 392
159 110
197 56
172 142
328 82
382 315
277 75
418 286
320 196
273 381
364 371
46 146
226 308
134 55
255 25
354 191
207 116
362 239
38 179
35 152
253 219
281 130
33 377
158 325
28 26
167 106
251 133
357 239
212 414
304 365
386 146
232 253
96 348
121 27
196 81
355 345
268 228
222 299
125 200
153 70
324 420
277 295
205 20
178 249
316 16
331 152
185 409
65 191
107 230
28 207
13 362
111 154
108 26
185 160
294 77
378 140
180 157
97 415
316 424
183 234
354 306
326 332
76 174
195 58
161 6
192 251
170 232
353 373
398 399
242 46
110 232
177 397
108 75
264 393
249 359
96 199
56 29
71 161
384 293
393 91
319 280
241 107
290 308
412 193
60 426
46 38
163 105
103 318
242 130
150 204
51 195
271 332
227 60
134 196
149 222
150 97
327 365
210 390
184 424
404 316
374 234
392 356
203 80
352 362
52 382
362 226
162 58
362 308
184 196
245 253
42 258
202 159
302 283
247 19
164 36
128 78
341 401
129 288
281 369
121 75
176 413
255 166
176 363
77 410
286 256
49 124
75 331
397 64
7 240
135 173
149 373
360 175
274 83
215 418
5 70
41 279
77 254
253 310
245 182
157 51
220 155
238 139
295 93
384 114
271 166
92 421
207 379
358 262
227 39
306 369
322 50
416 273
281 116
161 24
81 322
192 84
255 343
261 36
127 364
141 146
164 161
421 404
192 299
8 3
44 293
425 75
304 9
330 346
388 56
34 306
387 49
99 418
354 294
292 269
355 266
303 413
9 128
385 41
175 300
342 353
321 278
97 189
19 142
295 4
14 196
250 289
350 381
19 90
238 320
334 386
112 206
117 124
251 102
