256 461

1 893
2 175
3 718
4 703
5 509
6 10
7 694
8 678
9 473
10 957
11 483
12 726
13 22
14 943
15 576
16 46
17 425
18 588
19 660
20 984
21 514
22 88
23 257
24 269
25 653
26 948
27 866
28 85
29 389
30 119
31 785
32 581
33 226
34 799
35 702
36 836
37 152
38 517
39 103
40 194
41 248
42 156
43 268
44 783
45 425
46 772
47 374
48 683
49 435
50 371
51 26
52 338
53 589
54 97
55 737
56 292
57 442
58 539
59 998
60 956
61 65
62 530
63 123
64 698
65 105
66 809
67 513
68 563
69 609
70 38
71 85
72 381
73 55
74 196
75 27
76 250
77 566
78 840
79 903
80 966
81 460
82 278
83 183
84 761
85 869
86 846
87 214
88 161
89 34
90 680
91 483
92 672
93 803
94 393
95 65
96 392
97 606
98 181
99 403
100 144
101 69
102 444
103 559
104 639
105 592
106 706
107 838
108 42
109 915
110 88
111 857
112 443
113 793
114 350
115 195
116 630
117 968
118 157
119 136
120 85
121 318
122 982
123 585
124 765
125 318
126 602
127 88
128 952
129 503
130 889
131 347
132 953
133 841
134 531
135 191
136 515
137 877
138 499
139 426
140 232
141 609
142 844
143 190
144 209
145 629
146 311
147 635
148 825
149 383
150 778
151 517
152 797
153 427
154 379
155 649
156 105
157 661
158 120
159 683
160 348
161 803
162 173
163 106
164 147
165 880
166 928
167 751
168 474
169 972
170 206
171 23
172 365
173 748
174 607
175 74
176 258
177 382
178 640
179 311
180 562
181 225
182 154
183 215
184 601
185 863
186 624
187 152
188 72
189 356
190 274
191 141
192 919
193 674
194 318
195 946
196 461
197 254
198 255
199 156
200 568
201 68
202 728
203 137
204 673
205 117
206 83
207 326
208 239
209 532
210 525
211 296
212 217
213 572
214 396
215 816
216 973
217 851
218 389
219 532
220 382
221 771
222 427
223 698
224 137
225 263
226 245
227 316
228 696
229 241
230 378
231 670
232 948
233 149
234 145
235 980
236 61
237 90
238 582
239 61
240 347
241 656
242 377
243 1000
244 490
245 783
246 481
247 670
248 970
249 877
250 569
251 995
252 598
253 856
254 240
255 538
256 966

93 76
224 136
128 107
71 62
174 17
65 194
81 167
48 238
147 200
65 227
86 125
138 87
10 210
140 239
73 212
192 7
98 138
18 62
59 202
177 169
42 80
19 189
241 49
203 239
254 161
205 40
66 15
141 243
2 149
36 96
194 206
195 206
125 214
115 110
128 226
184 33
70 117
124 35
63 49
205 129
173 72
213 229
199 178
173 148
132 16
69 36
33 151
187 26
182 195
109 47
228 161
120 81
94 119
71 55
108 23
233 165
122 175
246 237
46 130
9 114
89 146
41 123
114 129
107 131
217 185
69 54
199 2
23 127
176 83
233 143
60 200
12 102
99 5
202 198
144 124
99 162
97 72
53 75
174 10
210 113
190 242
75 127
51 145
92 33
129 3
231 251
208 248
39 18
229 205
120 162
80 15
225 117
115 96
66 13
159 29
56 190
166 137
225 106
247 85
253 111
125 98
29 12
224 242
168 208
173 238
36 82
242 145
110 195
210 5
107 186
39 201
182 21
139 30
225 178
182 40
12 234
249 217
218 212
42 116
174 103
217 177
219 114
35 48
193 172
73 29
251 106
94 220
238 102
198 229
244 245
4 51
4 112
20 251
202 231
256 201
255 48
197 243
228 209
54 214
252 215
155 39
153 38
217 58
40 162
41 82
209 132
178 198
140 223
252 216
108 193
212 19
21 55
161 39
173 142
57 233
245 51
165 237
106 165
102 210
130 170
16 15
180 174
19 126
240 34
112 6
174 177
109 63
152 144
159 31
177 126
206 156
164 4
247 169
111 197
72 57
60 132
65 221
202 162
230 175
231 22
86 35
11 202
168 106
119 17
148 239
147 103
7 195
119 68
19 221
224 95
39 168
82 129
141 254
91 242
136 202
141 102
203 146
143 95
226 123
4 135
36 102
208 150
244 64
200 113
242 101
114 198
194 67
104 135
249 202
211 180
117 211
157 114
143 168
19 195
143 205
3 147
158 146
64 248
160 206
171 54
2 167
191 217
220 101
120 137
58 219
51 118
122 119
40 4
117 247
210 127
158 71
13 166
69 255
137 39
30 3
198 61
211 116
18 156
155 117
31 247
98 234
37 178
233 34
248 175
71 176
184 86
208 135
156 246
156 179
160 31
197 179
127 211
219 159
161 214
193 28
67 38
23 63
33 178
102 191
116 170
17 130
26 244
14 200
166 234
213 209
172 8
197 96
214 203
43 84
54 24
75 185
92 244
225 125
134 158
231 81
186 21
130 140
197 27
205 65
192 190
24 42
205 214
158 139
189 200
197 18
180 94
253 37
25 249
77 199
193 70
239 209
243 6
246 86
60 253
75 233
8 17
71 8
240 69
147 247
138 94
187 28
172 245
147 63
218 111
162 145
35 180
201 99
173 111
72 178
101 4
117 205
85 233
239 122
111 19
238 137
236 164
212 176
59 158
157 126
243 247
90 245
117 224
76 50
185 28
127 108
11 225
33 68
226 137
29 177
173 212
150 4
107 96
82 178
182 7
143 6
250 33
206 207
230 5
14 11
111 21
59 213
75 18
120 126
21 84
25 50
214 10
135 115
51 198
203 67
230 243
136 38
172 86
141 244
76 81
165 164
99 190
198 181
207 227
36 254
134 19
53 222
111 160
180 156
112 236
254 94
90 231
110 128
188 24
21 143
102 121
59 216
97 86
96 191
21 116
53 62
45 152
248 243
174 177
180 164
221 166
46 123
97 60
195 91
222 63
129 199
60 150
28 68
63 52
170 47
85 119
121 42
136 169
111 186
113 23
178 217
51 231
77 61
49 12
48 150
75 101
9 55
202 153
172 37
104 8
158 183
256 244
58 162
153 26
85 151
48 135
202 175
233 238
252 232
101 203
62 93
168 232
166 161
119 75
169 108
167 9
21 192
136 22
6 171
118 208
124 232
163 154
109 193
232 83
250 74
34 153
252 92
178 162
128 31
250 150
118 251
11 86
63 137
193 110
159 32
241 91
75 189
252 60
232 251
94 7
11 187
174 222
42 119
46 175
176 15
120 215
218 100
241 157
64 28
194 227
247 174
141 22
185 64
181 214
19 15
203 227
182 16
