914 1646

1 356
2 599
3 408
4 279
5 612
6 692
7 939
8 435
9 884
10 844
11 531
12 686
13 870
14 349
15 493
16 535
17 871
18 510
19 959
20 652
21 384
22 929
23 252
24 36
25 708
26 650
27 748
28 700
29 535
30 673
31 741
32 211
33 621
34 921
35 885
36 297
37 573
38 351
39 603
40 122
41 156
42 731
43 828
44 715
45 389
46 712
47 955
48 246
49 21
50 521
51 105
52 83
53 857
54 648
55 485
56 519
57 530
58 315
59 244
60 167
61 880
62 342
63 852
64 329
65 820
66 67
67 590
68 527
69 420
70 803
71 879
72 699
73 633
74 816
75 406
76 121
77 264
78 823
79 254
80 819
81 850
82 600
83 836
84 371
85 818
86 213
87 258
88 993
89 245
90 224
91 911
92 671
93 389
94 350
95 104
96 488
97 110
98 789
99 694
100 555
101 599
102 42
103 217
104 577
105 566
106 852
107 596
108 660
109 630
110 158
111 5
112 490
113 483
114 469
115 973
116 952
117 373
118 492
119 38
120 835
121 59
122 207
123 710
124 623
125 755
126 686
127 122
128 383
129 355
130 323
131 861
132 429
133 844
134 166
135 243
136 99
137 137
138 849
139 457
140 103
141 177
142 662
143 349
144 7
145 31
146 931
147 194
148 613
149 142
150 926
151 566
152 354
153 564
154 119
155 954
156 103
157 470
158 734
159 59
160 474
161 371
162 510
163 747
164 157
165 719
166 519
167 321
168 112
169 78
170 236
171 769
172 307
173 91
174 318
175 949
176 908
177 552
178 303
179 166
180 545
181 260
182 644
183 452
184 86
185 687
186 614
187 906
188 960
189 229
190 347
191 342
192 6
193 401
194 739
195 173
196 560
197 266
198 400
199 571
200 48
201 335
202 434
203 375
204 24
205 172
206 820
207 84
208 221
209 820
210 956
211 178
212 212
213 685
214 437
215 447
216 782
217 683
218 821
219 912
220 224
221 182
222 253
223 322
224 647
225 63
226 817
227 567
228 55
229 403
230 993
231 840
232 177
233 922
234 291
235 836
236 436
237 608
238 89
239 135
240 662
241 791
242 129
243 552
244 513
245 235
246 290
247 659
248 681
249 699
250 582
251 887
252 329
253 169
254 397
255 859
256 138
257 345
258 973
259 547
260 603
261 613
262 820
263 165
264 148
265 702
266 570
267 901
268 125
269 382
270 694
271 254
272 560
273 369
274 95
275 301
276 42
277 699
278 765
279 412
280 399
281 303
282 68
283 691
284 803
285 490
286 63
287 659
288 679
289 11
290 961
291 246
292 246
293 24
294 583
295 109
296 720
297 972
298 932
299 447
300 17
301 170
302 925
303 428
304 66
305 529
306 672
307 71
308 1
309 669
310 952
311 461
312 29
313 931
314 57
315 241
316 932
317 782
318 995
319 721
320 10
321 353
322 146
323 540
324 553
325 76
326 548
327 952
328 862
329 480
330 291
331 991
332 875
333 76
334 413
335 86
336 773
337 529
338 946
339 275
340 174
341 332
342 66
343 752
344 121
345 556
346 108
347 575
348 437
349 143
350 991
351 24
352 682
353 190
354 173
355 179
356 437
357 841
358 321
359 928
360 61
361 418
362 679
363 698
364 198
365 217
366 360
367 830
368 18
369 404
370 803
371 869
372 699
373 230
374 222
375 997
376 34
377 575
378 686
379 539
380 142
381 294
382 31
383 414
384 980
385 878
386 356
387 57
388 674
389 377
390 371
391 15
392 802
393 862
394 932
395 179
396 611
397 300
398 959
399 278
400 592
401 184
402 60
403 586
404 142
405 775
406 549
407 15
408 330
409 683
410 635
411 942
412 471
413 166
414 458
415 987
416 836
417 702
418 568
419 458
420 265
421 854
422 40
423 621
424 654
425 699
426 254
427 817
428 818
429 904
430 89
431 466
432 863
433 971
434 519
435 993
436 166
437 333
438 919
439 223
440 729
441 919
442 440
443 187
444 996
445 568
446 411
447 772
448 331
449 655
450 830
451 346
452 992
453 33
454 385
455 162
456 825
457 493
458 709
459 820
460 748
461 929
462 693
463 478
464 549
465 590
466 425
467 794
468 947
469 509
470 240
471 273
472 280
473 279
474 52
475 516
476 158
477 712
478 860
479 362
480 600
481 587
482 921
483 933
484 842
485 995
486 161
487 608
488 822
489 955
490 784
491 901
492 458
493 866
494 589
495 834
496 888
497 672
498 386
499 680
500 178
501 614
502 595
503 466
504 350
505 673
506 886
507 679
508 779
509 932
510 399
511 472
512 62
513 553
514 294
515 696
516 840
517 434
518 973
519 502
520 872
521 103
522 103
523 239
524 295
525 294
526 443
527 11
528 304
529 928
530 825
531 101
532 207
533 695
534 440
535 424
536 345
537 535
538 322
539 221
540 690
541 85
542 80
543 624
544 705
545 555
546 978
547 797
548 715
549 583
550 612
551 985
552 853
553 493
554 588
555 548
556 965
557 496
558 901
559 424
560 704
561 361
562 158
563 771
564 475
565 753
566 889
567 573
568 740
569 516
570 771
571 629
572 407
573 510
574 523
575 970
576 859
577 969
578 667
579 327
580 520
581 827
582 883
583 756
584 304
585 179
586 174
587 428
588 5
589 954
590 635
591 536
592 317
593 421
594 418
595 775
596 754
597 852
598 884
599 597
600 362
601 170
602 754
603 161
604 594
605 689
606 223
607 740
608 755
609 290
610 460
611 306
612 691
613 618
614 478
615 65
616 775
617 532
618 393
619 48
620 415
621 127
622 243
623 33
624 123
625 309
626 672
627 765
628 746
629 727
630 935
631 102
632 360
633 2
634 523
635 739
636 845
637 289
638 851
639 182
640 740
641 815
642 5
643 311
644 288
645 266
646 460
647 354
648 153
649 197
650 551
651 33
652 75
653 201
654 25
655 154
656 654
657 769
658 564
659 458
660 903
661 756
662 652
663 870
664 915
665 281
666 89
667 646
668 533
669 331
670 43
671 608
672 696
673 1000
674 433
675 295
676 436
677 769
678 956
679 907
680 119
681 121
682 102
683 616
684 965
685 154
686 295
687 510
688 648
689 412
690 672
691 165
692 564
693 844
694 929
695 391
696 117
697 978
698 955
699 815
700 827
701 971
702 487
703 374
704 32
705 973
706 48
707 203
708 563
709 933
710 563
711 179
712 608
713 615
714 628
715 440
716 519
717 297
718 850
719 772
720 732
721 90
722 689
723 855
724 6
725 274
726 384
727 35
728 540
729 368
730 958
731 504
732 313
733 697
734 888
735 890
736 580
737 626
738 387
739 365
740 969
741 475
742 169
743 100
744 271
745 813
746 951
747 182
748 540
749 362
750 127
751 42
752 221
753 771
754 654
755 517
756 532
757 220
758 991
759 785
760 822
761 378
762 216
763 609
764 460
765 575
766 109
767 171
768 855
769 139
770 446
771 462
772 368
773 196
774 216
775 374
776 170
777 596
778 454
779 653
780 866
781 708
782 746
783 273
784 880
785 459
786 862
787 434
788 757
789 933
790 917
791 581
792 537
793 249
794 757
795 606
796 991
797 331
798 637
799 394
800 363
801 520
802 618
803 842
804 261
805 149
806 928
807 932
808 871
809 860
810 781
811 721
812 741
813 398
814 86
815 945
816 945
817 495
818 661
819 833
820 659
821 465
822 451
823 771
824 463
825 329
826 502
827 536
828 287
829 491
830 891
831 555
832 627
833 915
834 900
835 10
836 653
837 508
838 933
839 775
840 848
841 776
842 553
843 336
844 361
845 86
846 583
847 331
848 824
849 680
850 332
851 344
852 598
853 117
854 884
855 434
856 616
857 84
858 635
859 838
860 268
861 333
862 751
863 578
864 135
865 832
866 314
867 767
868 542
869 179
870 557
871 927
872 861
873 784
874 599
875 955
876 588
877 438
878 803
879 271
880 916
881 6
882 295
883 110
884 499
885 779
886 719
887 794
888 647
889 229
890 728
891 507
892 277
893 443
894 382
895 873
896 905
897 126
898 100
899 641
900 914
901 498
902 996
903 863
904 978
905 115
906 321
907 751
908 200
909 248
910 428
911 84
912 825
913 733
914 348

224 669
914 634
109 566
676 901
636 542
783 324
323 813
159 655
677 846
887 91
906 891
280 752
785 388
865 658
212 484
526 186
720 649
650 481
500 82
844 658
236 834
701 665
104 138
842 914
259 668
775 347
541 777
580 54
519 563
468 404
564 643
853 352
706 375
394 912
264 66
179 420
425 328
549 790
271 253
562 61
170 587
203 432
287 488
636 583
88 732
265 819
900 471
774 699
792 733
373 17
907 82
282 459
824 651
904 852
381 750
298 162
350 9
507 822
238 598
395 599
599 349
102 835
548 415
51 456
103 85
534 485
913 141
529 138
164 199
548 242
461 765
358 523
246 728
168 632
813 50
371 76
516 814
894 84
880 156
867 796
887 719
207 836
364 669
903 240
347 366
121 669
485 804
707 762
599 320
872 161
566 728
193 468
681 578
887 225
43 913
730 788
256 476
187 523
883 914
445 420
426 872
898 425
791 675
721 715
583 444
394 300
557 848
8 32
413 601
265 334
535 385
511 622
59 657
516 840
605 406
576 38
75 777
409 163
426 541
423 134
779 89
769 609
812 796
193 836
47 669
843 129
146 273
372 852
582 355
136 161
107 68
554 180
432 27
405 705
129 367
890 124
885 311
870 510
274 318
905 417
221 196
652 826
914 785
709 256
568 196
361 129
525 701
747 862
837 809
29 97
150 691
259 254
373 847
353 435
341 24
183 421
284 870
299 225
416 573
630 700
878 899
819 651
792 63
268 787
111 867
223 778
525 744
742 314
786 846
730 744
400 395
648 51
696 67
726 613
722 243
164 889
344 725
302 140
728 872
421 891
530 76
834 507
238 11
552 806
349 61
75 778
857 388
491 867
567 863
287 511
359 505
609 702
337 346
672 46
678 582
287 530
672 711
351 557
343 454
467 372
635 214
228 179
650 386
621 766
134 93
441 572
804 688
148 892
646 381
201 418
815 65
671 76
405 144
525 437
752 432
903 795
233 835
93 352
160 553
175 706
96 586
32 463
417 402
104 108
521 74
217 149
523 398
71 537
436 332
883 573
809 588
389 251
709 836
280 422
228 763
757 103
610 876
617 216
515 496
667 69
846 116
126 854
848 266
520 506
156 341
380 1
494 368
355 800
744 868
56 158
580 633
104 606
73 253
373 438
314 623
763 505
617 831
824 365
802 448
664 797
143 671
202 333
366 740
317 827
346 389
797 379
515 620
327 506
465 515
298 836
441 407
87 172
357 841
725 589
637 386
490 551
219 691
631 608
786 898
358 838
716 573
895 588
364 672
72 462
276 68
462 50
711 520
221 594
657 176
860 185
617 96
71 389
708 330
884 693
394 365
520 255
555 495
664 192
530 707
522 730
482 294
351 335
523 852
906 890
147 547
173 620
328 292
633 681
353 339
564 486
669 155
382 458
772 289
914 707
205 479
588 182
555 147
160 846
785 641
380 433
436 108
322 534
232 388
350 36
874 865
582 72
646 193
565 82
314 477
264 241
260 612
485 874
765 557
164 816
5 471
619 112
296 77
806 580
783 637
715 501
259 220
476 213
282 138
511 650
296 115
35 495
16 407
358 816
552 755
780 319
22 76
674 4
20 687
536 328
216 748
733 553
134 878
903 737
354 819
688 101
344 805
16 228
108 231
472 410
822 366
912 230
810 736
20 896
792 519
626 189
403 201
245 238
12 163
455 835
617 714
443 873
40 387
865 623
753 214
750 558
781 18
554 408
428 287
714 603
843 708
223 227
721 424
518 541
778 529
265 665
223 271
848 782
130 608
470 482
574 663
857 825
523 548
338 211
591 52
875 697
909 526
308 880
756 67
735 146
297 862
584 176
1 675
99 305
142 404
386 823
724 358
673 852
33 287
272 845
419 259
816 299
337 792
477 618
251 373
3 489
806 446
387 194
742 204
124 28
730 720
263 285
46 728
749 909
729 300
692 629
227 547
377 643
520 523
637 633
416 843
196 695
724 167
350 243
690 625
389 885
783 159
34 55
154 262
358 424
602 258
327 199
796 1
568 627
546 759
737 579
118 254
842 785
513 391
174 469
457 596
392 724
652 572
150 707
294 567
164 799
818 411
502 21
266 53
259 696
235 408
324 544
727 713
474 388
666 763
37 289
205 211
28 909
270 226
91 853
775 572
495 519
399 120
230 40
675 419
631 401
85 709
409 782
868 242
121 725
628 275
472 385
809 285
172 574
221 166
517 6
247 50
423 341
61 900
671 128
541 304
230 289
485 171
618 329
640 387
320 336
472 650
472 852
767 539
96 619
599 740
245 809
57 480
63 884
579 274
532 461
1 590
614 587
204 118
682 222
384 712
65 200
32 525
501 223
190 375
544 336
260 615
252 746
21 84
85 491
300 709
15 293
276 366
466 478
519 214
589 152
492 481
439 252
861 435
518 573
166 130
337 668
632 606
894 767
366 206
524 878
107 72
766 458
491 771
280 760
565 450
737 802
390 160
369 223
867 217
242 338
472 815
752 598
547 46
142 492
10 132
325 247
844 649
60 669
885 234
149 886
344 769
466 754
621 254
858 722
438 796
186 508
824 137
342 238
272 743
142 546
154 479
204 160
873 495
424 308
421 60
392 429
6 487
469 484
908 28
677 251
879 388
670 206
893 664
484 681
912 178
265 792
847 802
314 203
611 177
244 401
692 481
159 705
235 12
595 574
653 244
533 404
32 208
602 49
885 258
399 487
670 781
230 523
766 24
679 568
107 412
890 376
35 57
646 450
234 503
372 362
344 197
132 427
876 68
758 365
164 822
89 94
31 543
248 869
24 473
809 331
840 625
303 96
42 648
466 461
179 749
417 684
637 433
374 767
454 51
315 662
227 746
714 462
40 739
128 61
736 870
156 240
291 309
179 150
777 18
547 92
161 836
273 834
563 571
563 848
574 195
237 633
840 860
301 386
101 904
448 661
731 219
378 58
1 852
135 456
563 726
314 516
633 284
210 622
343 548
408 756
32 558
625 446
111 323
318 796
249 425
208 814
122 574
738 735
753 584
7 883
147 319
209 613
816 142
234 402
900 452
587 106
79 104
674 285
188 167
501 725
894 618
393 692
230 265
341 220
495 244
691 286
183 551
321 435
321 408
254 292
528 377
402 162
453 387
91 544
41 678
15 468
41 582
472 595
197 693
218 167
119 16
709 89
913 885
19 537
887 902
788 225
872 356
264 409
802 241
413 458
505 316
451 512
151 910
131 530
210 895
813 153
350 577
881 197
66 892
804 398
669 627
687 784
89 720
237 384
273 374
36 92
673 469
731 344
276 407
419 737
146 209
200 861
898 761
856 324
847 611
395 265
341 10
512 282
11 901
678 602
881 380
617 513
741 780
484 752
79 235
601 223
687 655
157 105
662 128
656 667
455 857
97 704
449 744
703 796
631 45
431 653
204 163
662 641
626 902
665 171
572 778
269 359
399 808
9 99
3 559
14 824
730 655
340 21
538 108
781 503
89 129
892 387
37 555
897 610
595 222
174 503
117 767
14 273
71 77
99 75
786 16
778 456
688 416
614 450
37 576
676 604
727 908
73 797
718 595
697 126
161 386
820 698
822 386
488 868
808 139
896 12
894 709
455 890
66 466
563 616
166 639
388 767
754 240
95 240
579 696
185 631
826 718
556 729
335 860
825 524
686 800
119 315
239 841
507 808
656 69
576 124
841 398
500 769
115 637
298 137
202 868
113 678
151 252
598 188
161 546
720 491
488 736
895 191
868 192
58 486
467 695
406 687
607 185
345 691
31 86
584 650
188 603
851 804
88 834
430 884
457 762
829 554
693 416
756 113
620 787
273 556
266 32
495 264
473 706
426 284
854 403
432 133
314 373
899 355
315 706
89 322
193 533
514 132
228 103
659 144
238 365
210 839
170 2
780 851
535 52
319 731
819 426
784 364
746 659
134 267
485 355
367 466
125 37
502 481
455 457
719 599
1 126
210 56
781 711
769 643
587 576
812 486
603 131
827 23
154 614
912 222
1 316
579 321
19 473
863 100
641 351
829 334
641 673
688 65
88 267
631 60
803 14
90 640
513 653
863 34
390 850
210 444
416 206
143 99
255 560
696 177
831 763
568 183
331 113
384 670
815 900
416 450
267 647
344 236
274 691
432 643
834 242
624 147
192 668
441 50
444 761
262 435
564 370
178 297
114 752
545 481
840 433
220 256
335 9
861 893
412 701
461 722
296 597
846 541
496 303
88 501
557 263
662 417
447 818
771 209
451 820
871 397
421 499
845 506
464 521
744 98
719 847
731 879
501 55
341 575
472 904
291 552
348 859
299 519
334 381
678 189
356 720
528 451
286 168
186 11
432 80
801 412
524 245
154 661
500 733
180 21
263 123
274 302
271 718
408 727
29 750
816 648
761 612
415 687
118 171
7 559
523 312
234 27
273 759
808 81
96 295
572 129
8 780
182 183
169 890
315 3
18 900
774 54
425 716
441 415
140 817
636 469
300 820
177 642
246 498
483 229
328 894
459 13
898 200
341 147
858 276
169 561
419 274
784 777
513 613
128 87
99 646
35 122
443 479
389 224
833 719
208 614
405 44
826 225
552 832
589 242
36 802
636 434
813 191
117 567
420 892
89 51
474 173
38 177
615 457
669 877
309 184
197 228
631 13
567 804
236 332
420 296
876 105
178 592
204 293
573 114
153 680
191 559
218 635
163 296
685 599
514 135
268 110
237 300
112 260
749 446
385 623
848 279
442 639
793 637
216 702
204 448
420 576
881 789
491 23
22 605
700 373
438 207
856 133
509 724
635 344
520 240
283 79
11 5
686 420
580 279
305 537
114 198
417 761
730 791
234 815
149 804
162 536
821 470
300 458
177 570
185 534
146 620
598 360
880 208
540 803
290 258
365 635
424 167
813 309
459 508
722 770
561 740
364 612
227 559
684 888
356 271
340 720
554 909
855 873
634 244
750 362
110 262
67 54
795 132
224 461
779 101
97 498
292 720
225 420
317 50
646 443
316 398
513 260
897 281
705 663
455 626
416 668
484 577
265 738
176 278
323 325
359 558
214 378
533 801
231 285
249 452
211 42
63 908
725 92
325 360
229 353
167 489
584 488
564 483
192 467
86 583
442 158
68 902
425 447
831 97
494 188
671 736
544 163
115 501
429 750
860 875
507 879
100 468
441 755
245 624
593 809
164 431
166 320
902 626
433 883
467 553
720 854
758 139
511 42
546 478
511 174
428 296
806 783
768 160
324 313
464 701
476 315
447 540
236 365
18 48
205 366
575 574
449 482
356 132
323 372
709 642
900 383
699 474
502 424
877 39
287 408
849 577
389 292
362 659
548 903
108 195
7 309
568 131
600 179
253 155
591 458
42 195
106 600
176 535
501 736
492 337
450 323
608 673
619 59
677 453
437 528
312 599
101 112
502 124
458 636
33 495
472 540
470 788
284 450
675 376
563 273
481 582
154 116
775 723
713 510
117 250
258 407
474 715
321 187
879 473
358 293
828 412
636 583
597 649
477 468
825 796
414 493
250 725
369 795
693 429
209 378
385 14
316 485
813 872
669 230
432 50
483 42
288 324
814 590
431 116
803 838
62 674
485 874
431 82
695 855
406 612
672 132
778 122
312 104
174 303
192 629
27 636
30 712
680 86
741 23
548 835
291 141
142 727
147 872
852 307
832 22
890 19
184 806
835 436
786 410
43 869
306 607
316 883
564 425
517 250
761 597
127 557
426 32
524 684
744 524
303 351
380 94
660 448
19 109
760 258
643 558
30 838
493 418
425 473
360 189
253 176
302 648
907 289
614 226
165 144
829 169
485 250
895 753
853 526
10 573
260 570
29 26
815 246
785 508
854 447
346 832
828 603
97 344
389 835
407 153
713 249
295 102
782 473
817 293
364 389
553 118
443 561
407 564
278 528
256 193
146 158
637 403
398 293
145 629
903 912
483 93
123 495
569 43
554 588
880 467
255 149
13 509
104 112
326 497
859 158
399 243
725 652
143 721
332 311
889 385
476 72
345 482
641 560
163 726
308 194
155 250
270 275
742 277
809 557
314 274
566 702
720 412
106 513
244 613
596 703
865 117
601 724
224 60
32 620
427 39
225 303
513 554
663 150
32 116
180 351
138 666
860 909
536 263
553 862
678 711
88 521
785 598
563 281
387 434
778 250
30 163
387 170
684 587
768 301
178 628
355 572
229 742
794 45
724 5
440 198
778 1
115 161
196 328
757 734
564 424
181 525
23 636
241 354
397 597
101 716
117 889
680 910
686 707
740 391
696 343
539 765
482 762
433 487
28 158
347 313
296 153
852 881
890 249
693 115
250 5
193 655
905 60
795 424
269 497
67 305
853 749
405 908
509 372
590 556
268 3
383 176
60 728
748 134
19 303
481 356
422 30
71 171
694 445
734 343
69 301
547 891
400 305
6 174
334 738
240 221
318 563
504 220
554 214
553 713
362 453
117 729
240 476
437 282
595 38
855 614
417 840
531 355
77 470
398 527
173 777
452 155
69 364
684 726
310 20
687 867
837 707
134 576
708 278
775 770
733 621
495 416
336 372
111 298
646 565
859 50
721 496
743 896
452 507
206 443
59 264
560 440
239 64
510 624
779 452
616 445
178 76
148 328
412 146
356 287
648 107
660 312
338 518
337 22
231 645
870 278
604 208
747 559
4 559
123 551
177 668
74 686
385 252
420 234
273 486
317 614
646 815
133 342
428 786
258 770
99 881
341 602
32 167
482 53
746 241
459 98
479 591
797 746
236 511
423 553
889 104
309 192
893 773
531 748
43 162
351 445
92 63
623 449
29 78
113 301
270 658
333 678
774 813
284 322
629 410
50 640
478 708
857 554
302 773
660 669
274 658
245 621
610 770
191 434
877 99
443 70
24 348
864 735
739 829
570 132
703 196
201 31
743 437
599 274
19 185
121 846
630 413
499 370
226 131
87 62
545 806
511 504
270 395
907 383
740 302
746 843
617 45
362 817
551 697
651 121
879 320
264 138
271 404
48 174
22 899
251 82
659 790
184 60
803 675
29 850
63 75
122 776
367 317
217 699
896 109
167 580
756 224
444 500
834 45
461 377
311 720
264 413
386 256
525 576
686 36
725 691
889 663
836 183
390 361
297 327
824 281
272 336
818 790
190 169
481 311
43 99
570 158
139 696
31 539
585 334
817 220
883 9
162 115
5 56
441 880
827 556
679 438
483 235
469 181
137 295
635 125
375 869
235 201
865 615
248 556
445 153
624 467
664 259
455 689
667 17
12 705
19 200
460 108
202 349
343 547
218 648
719 397
260 812
803 34
352 385
80 519
767 669
772 97
846 1
491 641
694 261
577 846
90 301
284 399
788 572
513 808
582 897
817 436
788 765
367 278
847 323
747 753
253 115
703 855
906 608
24 755
441 600
807 728
162 379
554 278
838 66
